[Default]
longitude = 18.946133
latitude = 34.686581
radius = 20
