[Default]
longitude = 27.917171
latitude = 43.173814
radius = 1000
